47
61
62
63
64
66
67
68
69
70
71
72
73
74
75
76
78
79
80
81
82
83
84
85
86
87
88
90
91
99
103
166
199
252
255
264
387
396
460
551
608
609
628
638
641
654
655
675
702
703
716
724
726
743
744
745
746
747
748
749
750
760
796
810
812
813
814
815
835
836
847
878
889
891
925
967
983
984
986
1022
1031
1046
1070
1074
1075
1095
1126
1128
1172
1176
1177
1178
1179
1180
1181
1182
1183
1184
1185
1186
1188
1189
1190
1191
1192
1193
1194
1195
1196
1197
1198
1199
1200
1201
1202
1203
1204
1205
1206
1207
1208
1209
1210
1211
1212
1213
1214
1215
1216
1217
1218
1219
1220
1221
1222
1223
1224
1225
1226
1227
1228
1229
1230
1231
1232
1233
1234
1235
1236
1237
1238
1239
1240
1241
1242
1243
1244
1245
1246
1247
1248
1249
1250
1251
1252
1258
1260
1261
1262
1263
1264
1265
1266
1267
1268
1269
1272
1279
1280
2396
2407
2409
2416
2417
2418
2419
2420
2421
2422
2423
2424
2425
2426
2427
2428
2429
2430
2446
2484
2488
2503
2532
2533
2534
2535
2536
2543
2544
2545
2547
2631
2648
2695
2722
2732
2737
2743
2744
2745
2748
2756
2764
2766
2777
2778
2785
2814
2825
2826
2827
2876
2894
2910
2928
2931
2948
2955
2978
2979
2995
3005
3010
3014
3056
3061
3080
3086
3155
3156
3227
3228
3248
3278
3307
3435
3473
3533
3542
3639
3657
3696
3713
3796
3798
3824
3851
3889
3918
3920
3928
3938
3949
3972
3977
3997
4020
4139
4140
4141
4224